reservoir_id,reservoir_name,date,source_type,storage_current (million m^3),storage_pct_current (%),storage_prev_year_same_day (million m^3),storage_pct_prev_year_same_day (%),storage_jan1_current_year (million m^3),storage_jan1_prev_year (million m^3),inflow_daily (million m^3/day),inflow_ytd (million m^3),outflow_daily (million m^3/day),outflow_ytd (million m^3),usable_water_current (million m^3)
200102,เขื่อนสิริกิติ์,2024-01-02,large,5679.0,60.0,6328.0,67.0,5689.0,6343.0,4.64,7.13,14.02,27.99,
200101,เขื่อนภูมิพล,2024-01-02,large,9921.0,74.0,11852.0,88.0,9947.0,11879.0,4.38,8.28,30.01,59.96,
100104,เขื่อนแม่กวงอุดมธารา,2024-01-02,large,210.36,80.0,249.11,95.0,210.27,249.36,0.21,0.4,0.11,0.21,
100107,เขื่อนแควน้อยบำรุงแดน,2024-01-02,large,838.0,89.0,813.0,87.0,841.0,815.0,0.63,1.2,3.46,6.92,
200103,เขื่อนแม่งัดสมบูรณ์ชล,2024-01-02,large,285.45,108.0,274.22,103.0,285.73,274.34,0.04,0.11,0.32,0.64,
100108,เขื่อนแม่มอก,2024-01-02,large,93.2,85.0,93.06,85.0,93.9,93.2,0.01,0.02,0.71,1.42,
100105,เขื่อนกิ่วลม,2024-01-02,large,94.99,89.0,101.69,96.0,95.61,102.79,1.06,2.25,1.69,3.5,
100106,เขื่อนกิ่วคอหมา,2024-01-02,large,181.4,107.0,188.2,111.0,181.94,188.47,0.19,0.19,0.74,1.48,
200205,เขื่อนอุบลรัตน์,2024-01-02,large,2002.62,82.0,1955.25,80.0,2012.85,1968.72,,0.0,8.04,16.04,
200204,เขื่อนจุฬาภรณ์,2024-01-02,large,130.67,80.0,143.46,87.0,130.95,143.56,,0.08,,0.2,
200203,เขื่อนน้ำพุง,2024-01-02,large,129.25,78.0,87.12,53.0,129.62,87.41,0.02,0.04,0.31,0.62,
200212,เขื่อนสิรินธร,2024-01-02,large,1585.21,81.0,1603.0,82.0,1590.28,1620.92,1.13,1.13,2.93,6.74,
100208,เขื่อนลำพระเพลิง,2024-01-02,large,106.08,68.0,145.0,94.0,106.18,145.24,,0.06,,0.0,
100207,เขื่อนลำตะคอง,2024-01-02,large,178.0,57.0,336.0,107.0,182.0,339.0,0.03,0.03,0.26,0.52,
100210,เขื่อนลำแชะ,2024-01-02,large,147.0,53.0,258.0,94.0,147.0,258.0,,0.0,0.03,0.06,
100201,เขื่อนห้วยหลวง,2024-01-02,large,105.73,78.0,110.14,81.0,106.32,110.58,,0.0,0.46,0.91,
100206,เขื่อนลำปาว,2024-01-02,large,1766.29,89.0,1689.01,85.0,1771.84,1694.5,1.58,3.17,5.78,11.58,
100211,เขื่อนลำนางรอง,2024-01-02,large,73.86,61.0,112.42,93.0,73.86,112.6,0.06,0.06,,0.0,
100209,เขื่อนมูลบน,2024-01-02,large,83.0,59.0,133.0,94.0,83.0,133.0,0.02,0.16,0.09,0.18,
100202,เขื่อนน้ำอูน,2024-01-02,large,405.81,78.0,337.5,65.0,407.0,337.5,0.1,0.37,0.56,0.56,
100301,เขื่อนป่าสักชลสิทธิ์,2024-01-02,large,795.5,83.0,839.25,87.0,802.5,846.25,,0.0,5.19,10.81,
100302,เขื่อนทับเสลา,2024-01-02,large,71.67,45.0,131.5,82.0,71.67,131.5,,0.0,,0.0,
100303,เขื่อนกระเสียว,2024-01-02,large,95.28,32.0,296.91,99.0,95.44,297.33,,0.0,0.06,0.12,
200402,เขื่อนวชิราลงกรณ,2024-01-02,large,7537.08,85.0,5859.04,66.0,7547.72,5868.19,2.45,2.45,12.13,24.21,
200401,เขื่อนศรีนครินทร์,2024-01-02,large,14599.99,82.0,15817.79,89.0,14603.7,15825.6,4.11,11.95,6.81,13.71,
100514,เขื่อนนฤบดินทรจินดา,2024-01-02,large,254.05,86.0,250.0,85.0,255.57,251.0,0.02,0.04,1.46,2.92,
100503,เขื่อนบางพระ,2024-01-02,large,83.0,71.0,107.33,92.0,83.0,107.46,0.18,0.23,0.33,0.68,
100501,เขื่อนขุนด่านปราการชล,2024-01-02,large,183.64,82.0,203.74,91.0,186.47,204.89,0.01,0.02,2.79,5.97,
100502,เขื่อนคลองสียัด,2024-01-02,large,140.29,33.0,293.7,70.0,141.54,297.04,,0.0,1.16,2.32,
100504,เขื่อนหนองปลาไหล,2024-01-02,large,156.0,95.0,170.2,104.0,156.52,170.68,,0.0,0.58,0.81,
100505,เขื่อนประแสร์,2024-01-02,large,244.7,83.0,267.81,91.0,245.61,268.24,,0.0,0.66,1.34,
200603,เขื่อนรัชชประภา,2024-01-02,large,4393.64,78.0,3749.36,66.0,4395.2,3750.77,2.8,4.9,3.91,7.21,
200604,เขื่อนบางลาง,2024-01-02,large,1239.44,85.0,1229.93,85.0,1245.97,1231.93,12.24,27.42,12.75,25.47,
200601,เขื่อนแก่งกระจาน,2024-01-02,large,420.99,59.0,493.34,69.0,422.43,493.34,0.28,0.54,1.6,3.2,
100602,เขื่อนปราณบุรี,2024-01-02,large,179.0,46.0,250.0,64.0,179.0,249.0,0.14,0.14,0.29,0.58,
rsv01,อ่างเก็บน้ำห้วยแม่ออน,2024-01-02,middle,4.622,102.03,4.182,92.32,0.362,,0.181,,0.179,,3.822
rsv02,อ่างเก็บน้ำแม่จอกหลวง,2024-01-02,middle,1.233,112.09,1.34,121.82,0.002,,0.001,,,,1.133
rsv03,อ่างเก็บน้ำห้วยมะนาว,2024-01-02,middle,3.336,77.58,2.919,67.88,0.004,,0.002,,,,3.236
rsv04,อ่างเก็บน้ำห้วยโป่งจ้อ,2024-01-02,middle,2.754,99.35,2.76,99.57,0.002,,0.001,,,,2.704
rsv05,อ่างเก็บน้ำแม่ตูบ,2024-01-02,middle,39.45,101.15,39.4,101.03,0.34,,0.17,,0.089,,38.95
rsv06,อ่างเก็บน้ำแม่โก๋น,2024-01-02,middle,5.571,100.74,5.271,95.32,0.002,,0.001,,,,5.251
rsv07,อ่างเก็บน้ำห้วยเดื่อ,2024-01-02,middle,4.294,100.42,4.246,99.3,0.06,,0.03,,0.028,,4.011
rsv08,อ่างเก็บน้ำแม่แหลงหลวง,2024-01-02,middle,1.468,40.32,3.649,100.22,0.014,,0.007,,0.009,,1.341
rsv09,อ่างเก็บน้ำแม่ข้อน,2024-01-02,middle,3.743,91.74,3.485,85.42,0.0,,,,,,3.393
rsv10,อ่างเก็บน้ำสันหนอง,2024-01-02,middle,1.45,100.0,1.439,99.24,0.002,,0.001,,,,1.1
rsv11,อ่างเก็บน้ำแม่ทะลบหลวง,2024-01-02,middle,15.437,100.9,14.092,92.1,0.086,,0.043,,0.039,,13.137
rsv531,อ่างเก็บน้ำ แม่สะลวม,,middle,,,,,,,,,,,
rsv13,อ่างเก็บน้ำแม่ตีบ,2024-01-02,middle,7.914,79.14,7.722,77.22,0.0,,,,,,7.414
rsv14,อ่างเก็บน้ำแม่สาน,2024-01-02,middle,8.856,55.35,9.042,56.51,0.0,,,,,,7.976
rsv15,อ่างเก็บน้ำแม่ธิ,2024-01-02,middle,5.362,97.49,5.487,99.76,0.0,,,,0.025,,5.212
rsv16,อ่างเก็บน้ำแม่เมย,2024-01-02,middle,3.64,101.11,3.496,97.11,0.0,,,,,,3.62
rsv19,อ่างเก็บน้ำห้วยช้าง,2024-01-02,middle,2.838,45.05,5.513,87.51,0.0,,,,,,2.538
rsv20,อ่างเก็บน้ำแม่ต๊าก,2024-01-02,middle,6.98,53.69,9.78,75.23,0.0,,,,,,5.53
rsv21,อ่างเก็บน้ำแม่สรวย,2024-01-02,middle,72.878,99.83,73.0,100.0,0.554,,0.277,,0.277,,69.878
rsv483,อ่างเก็บน้ำดอยงู,2024-01-02,middle,8.18,110.99,8.155,110.65,0.09,,0.049,,0.037,,6.84
rsv22,อ่างเก็บน้ำแม่ทะ,2024-01-02,middle,2.455,96.65,2.38,93.7,0.0,,,,,,2.215
rsv23,อ่างเก็บน้ำแม่อาบ,2024-01-02,middle,7.556,99.95,7.56,100.0,0.0,,,,0.001,,7.016
rsv24,อ่างเก็บน้ำแม่ทาน,2024-01-02,middle,13.6,100.0,11.84,87.06,0.0,,,,,,12.24
rsv25,อ่างเก็บน้ำห้วยสมัย,2024-01-02,middle,1.202,100.17,1.06,88.33,0.004,,0.002,,0.002,,1.042
rsv26,อ่างเก็บน้ำแม่พริก,2024-01-02,middle,4.2,100.0,4.104,97.71,0.0,,,,,,3.8
rsv27,อ่างเก็บน้ำแม่เลียงพัฒนา,2024-01-02,middle,6.803,98.59,5.537,80.25,0.006,,0.001,,0.006,,6.003
rsv29,อ่างเก็บน้ำแม่ทรายคำ,2024-01-02,middle,1.171,93.83,1.013,81.17,0.0,,,,0.009,,1.033
rsv30,อ่างเก็บน้ำห้วยหลวงวังวัว,2024-01-02,middle,1.551,96.34,1.532,95.16,0.0,,,,0.008,,1.401
rsv31,อ่างเก็บน้ำห้วยแม่ค่อม,2024-01-02,middle,1.228,90.56,1.273,93.88,0.0,,,,0.012,,1.068
rsv32,อ่างเก็บน้ำแม่ต๋ำน้อย,2024-01-02,middle,0.993,99.3,1.058,105.8,0.0,,,,0.005,,0.923
rsv33,อ่างเก็บน้ำแม่เฟือง,2024-01-02,middle,1.029,90.9,1.093,96.55,0.0,,,,0.012,,0.851
rsv34,อ่างเก็บน้ำแม่ไฮ,2024-01-02,middle,1.213,99.02,1.054,86.04,0.0,,,,,,1.098
rsv35,อ่างเก็บน้ำแม่ธิ,2024-01-02,middle,1.531,96.29,1.45,91.19,0.0,,,,,,1.426
rsv36,อ่างเก็บน้ำห้วยแม่งอน,2024-01-02,middle,1.216,95.0,1.028,80.31,0.0,,,,,,1.1
rsv37,อ่างเก็บน้ำแม่ต๋ำตอนล่าง,2024-01-02,middle,2.54,100.0,2.54,100.0,0.0,,,,,,1.849
rsv38,อ่างเก็บน้ำแม่วะ,2024-01-02,middle,5.9,100.0,5.88,99.66,0.0,,,,,,4.95
rsv39,อ่างเก็บน้ำแม่ล้อหัก,2024-01-02,middle,1.335,99.93,1.23,92.07,0.0,,,,0.001,,1.287
rsv40,อ่างเก็บน้ำแม่ทก,2024-01-02,middle,1.113,100.0,1.113,100.0,0.0,,,,,,1.059
rsv41,อ่างเก็บน้ำแม่เรียง,2024-01-02,middle,1.12,100.0,1.12,100.0,0.0,,,,,,0.782
rsv42,อ่างเก็บน้ำห้วยหลวง,2024-01-02,middle,1.26,100.0,1.045,82.94,0.0,,,,,,1.09
rsv43,อ่างเก็บน้ำแม่กึ๊ด,2024-01-02,middle,1.3,100.0,1.3,100.0,0.0,,,,,,1.14
rsv44,อ่างเก็บน้ำห้วยเกี๋ยง,2024-01-02,middle,11.496,99.1,10.73,92.5,0.035,,0.012,,,,10.896
rsv45,อ่างเก็บน้ำแม่ปอน,2024-01-02,middle,1.73,95.58,1.255,69.34,0.0,,,,,,1.579
rsv46,อ่างเก็บน้ำห้วยแม่ยาว,2024-01-02,middle,3.381,97.16,2.99,85.92,0.0,,,,,,3.101
rsv47,อ่างเก็บน้ำแม่ไพร,2024-01-02,middle,3.01,94.06,3.005,93.91,0.0,,,,,,2.88
rsv48,อ่างเก็บน้ำห้วยแม่สัน,2024-01-02,middle,3.278,92.99,2.743,77.82,0.0,,,,,,3.238
rsv478,อ่างเก็บน้ำแม่พริก (ผาวิ่งชู้),2024-01-02,middle,36.48,100.0,33.085,90.69,0.0,,,,,,30.64
rsv479,อ่างเก็บน้ำแม่ฟ้า,2024-01-02,middle,15.627,78.45,18.843,94.59,0.0,,,,0.013,,14.527
rsv523,อ่างเก็บน้ำแม่อ้อน 2,2024-01-02,middle,9.746,51.03,7.289,38.16,0.0,,,,,,9.246
rsv532,อ่างเก็บน้ำ แม่อาง,,middle,,,,,,,,,,,
rsv49,อ่างเก็บน้ำห้วยแฮต,2024-01-02,middle,5.212,104.24,4.084,81.68,0.0,,,,,,4.672
rsv50,อ่างเก็บน้ำน้ำแหง,2024-01-02,middle,12.213,93.95,12.459,95.84,0.049,,0.012,,,,9.343
rsv51,อ่างเก็บน้ำน้ำพงษ์,2024-01-02,middle,1.366,91.68,1.01,67.79,0.006,,0.002,,,,0.996
rsv52,อ่างเก็บน้ำห้วยน้ำฮิ,2024-01-02,middle,5.469,91.15,5.248,87.47,0.007,,,,0.007,,5.069
rsv533,อ่างเก็บน้ำ น้ำริม,,middle,,,,,,,,,,,
rsv534,อ่างเก็บน้ำ ห้วยชื่น,,middle,,,,,,,,,,,
rsv53,อ่างเก็บน้ำแม่ต๋ำ,2024-01-02,middle,37.0,89.16,29.217,70.4,0.0,,,,,,34.5
rsv54,อ่างเก็บน้ำแม่ปืม,2024-01-02,middle,22.836,45.38,43.878,87.2,0.0,,,,0.124,,21.186
rsv480,อ่างเก็บน้ำแม่ใจ,2024-01-02,middle,2.369,78.97,2.553,85.1,0.0,,,,,,1.269
rsv522,อ่างเก็บน้ำแม่จุน,2024-01-02,middle,9.212,95.92,9.526,99.19,0.0,,,,,,9.212
rsv55,อ่างเก็บน้ำคลองตรอน,2024-01-02,middle,58.79,99.64,55.347,93.81,0.15,,0.15,,0.33,,52.79
rsv450,อ่างเก็บน้ำห้วยแม่เฉย,2024-01-02,middle,3.231,80.77,3.341,83.53,0.013,,0.003,,,,2.961
rsv518,อ่างเก็บน้ำห้วยน้ำรี,2024-01-02,middle,58.26,79.05,67.04,90.96,0.164,,0.082,,0.171,,53.23
rsv387,อ่างเก็บน้ำห้วยน้ำลาด,2024-01-02,middle,0.626,51.31,1.054,86.39,0.0,,,,,,0.504
rsv388,อ่างเก็บน้ำห้วยใหญ่(ไพศาลี),2024-01-02,middle,11.373,95.81,11.62,97.89,0.0,,,,,,10.343
rsv485,อ่างเก็บน้ำคลองโพธิ์,2024-01-02,middle,45.14,52.49,70.45,81.92,0.0,,,,1.49,,39.14
rsv519,อ่างเก็บน้ำห้วยน้ำคับ,2024-01-02,middle,1.119,85.1,1.25,95.06,0.0,,,,,,0.873
rsv520,อ่างเก็บน้ำห้วยน้ำจวง,2024-01-02,middle,1.36,85.0,1.52,95.0,0.0,,,,,,1.25
rsv56,อ่างเก็บน้ำห้วยป่าบง,2024-01-02,middle,1.293,92.36,1.106,79.0,0.0,,,,0.002,,1.273
rsv57,อ่างเก็บน้ำคลองน้ำไหล,2024-01-02,middle,24.14,62.7,36.74,95.43,0.0,,,,0.088,,23.39
rsv511,อ่างเก็บน้ำคลองไพร,2024-01-02,middle,13.553,94.39,13.041,90.83,0.0,,,,0.022,,13.522
rsv58,อ่างเก็บน้ำแม่มาน,2024-01-02,middle,18.997,101.32,18.207,97.1,0.022,,0.022,,,,17.897
rsv59,อ่างเก็บน้ำแม่สอง,2024-01-02,middle,53.38,81.12,56.8,86.32,0.252,,0.156,,0.306,,40.78
rsv60,อ่างเก็บน้ำแม่ถาง,2024-01-02,middle,29.3,95.69,28.752,93.9,0.025,,0.025,,,,26.8
rsv61,อ่างเก็บน้ำแม่คำปอง,2024-01-02,middle,5.49,81.21,6.141,90.84,0.173,,,,,,5.362
rsv464,อ่างเก็บน้ำแม่สาย,2024-01-02,middle,9.962,94.88,9.13,86.95,0.108,,0.05,,0.05,,8.562
rsv62,อ่างเก็บน้ำคลองข้างใน,2024-01-02,middle,6.314,70.16,7.521,83.57,0.0,,,,,,5.974
rsv63,อ่างเก็บน้ำห้วยท่าแพ,2024-01-02,middle,43.657,75.27,49.943,86.11,0.008,,0.008,,0.008,,34.857
rsv64,อ่างเก็บน้ำห้วยแม่สูง,2024-01-02,middle,11.47,92.13,11.173,89.74,0.115,,0.066,,0.119,,10.43
rsv490,อ่างเก็บน้ำห้วยทรวง,2024-01-02,middle,8.0,100.0,8.0,100.0,0.0,,,,,,7.6
rsv494,อ่างเก็บน้ำแม่กองค่าย,2024-01-02,middle,11.796,90.74,10.878,83.68,0.0,,,,,,11.216
rsv536,อ่างเก็บน้ำ ห้วยไร่,,middle,,,,,,,,,,,
rsv537,อ่างเก็บน้ำ ห้วยแม่สำ,,middle,,,,,,,,,,,
rsv65,อ่างเก็บน้ำห้วยแม่สอด,2024-01-02,middle,4.975,90.45,3.268,59.42,0.07,,0.04,,,,4.541
rsv66,อ่างเก็บน้ำห้วยลึก,2024-01-02,middle,5.074,87.48,3.01,51.9,0.0,,,,0.001,,4.974
rsv486,อ่างเก็บน้ำห้วยแม่ท้อ,2024-01-02,middle,60.02,95.27,61.992,98.4,0.178,,0.066,,0.158,,56.52
rsv535,อ่างเก็บน้ำ แม่สอดตอนบน,,middle,,,,,,,,,,,
rsv71,อ่างเก็บน้ำห้วยน้ำสวย,2024-01-02,middle,3.01,91.21,3.096,93.82,0.0,,,,,,2.065
rsv72,อ่างเก็บน้ำห้วยยาง,2024-01-02,middle,2.271,61.16,1.09,29.36,0.01,,0.005,,,,1.551
rsv73,อ่างเก็บน้ำห้วยลิ้นควาย,2024-01-02,middle,27.685,95.47,26.057,89.85,0.03,,0.015,,,,25.685
rsv74,อ่างเก็บน้ำห้วยอีเลิศ,2024-01-02,middle,1.049,63.58,1.323,80.18,0.002,,,,,,0.969
rsv75,อ่างเก็บน้ำห้วยน้ำพาว,2024-01-02,middle,1.242,91.06,1.147,84.09,0.002,,0.002,,,,1.212
rsv76,อ่างเก็บน้ำห้วยน้ำหมาน,2024-01-02,middle,25.671,96.87,23.299,87.92,0.023,,0.019,,,,24.201
rsv77,อ่างเก็บน้ำห้วยแห้ว,2024-01-02,middle,2.105,77.11,1.692,61.98,0.0,,,,,,1.917
rsv502,อ่างเก็บน้ำน้ำเลย,2024-01-02,middle,28.165,78.66,34.866,97.37,0.016,,0.008,,0.063,,22.307
rsv505,อ่างเก็บน้ำ ห้วยศอก,2024-01-02,middle,9.232,92.55,,0.0,0.0,,,,,,9.13
rsv521,อ่างเก็บน้ำห้วยน้ำทบ,2024-01-02,middle,6.929,93.26,6.584,88.61,0.086,,0.036,,0.048,,6.629
rsv538,อ่างเก็บน้ำ ห้วยน้ำไพร้,,middle,,,,,,,,,,,
rsv83,อ่างเก็บน้ำห้วยบังพวน,2024-01-02,middle,6.289,72.96,6.783,78.69,0.012,,,,,,6.039
rsv84,อ่างเก็บน้ำห้วยทอน (ตอนบน),2024-01-02,middle,7.777,99.71,7.59,97.31,0.008,,,,,,7.624
rsv85,อ่างเก็บน้ำห้วยเปลวเงือก,2024-01-02,middle,2.451,89.13,1.729,62.87,0.006,,,,,,2.331
rsv88,อ่างเก็บน้ำห้วยหินแก้ว,2024-01-02,middle,3.994,99.85,3.979,99.48,0.004,,0.002,,,,3.694
rsv512,อ่างเก็บน้ำห้วยไฮ,2024-01-02,middle,4.085,99.63,4.1,100.0,0.004,,0.002,,,,3.885
rsv86,อ่างเก็บน้ำห้วยซำ,2024-01-02,middle,2.137,89.04,1.87,77.92,0.0,,,,0.002,,1.612
rsv87,อ่างเก็บน้ำห้วยสหาย,2024-01-02,middle,1.188,60.61,0.201,10.26,0.0,,,,,,1.051
rsv91,อ่างเก็บน้ำภูเพ็ก,2024-01-02,middle,2.505,92.78,1.626,60.22,0.0,,,,,,2.33
rsv92,อ่างเก็บน้ำห้วยเดียก,2024-01-02,middle,3.492,87.3,3.46,86.5,0.0,,,,,,3.252
rsv93,อ่างเก็บน้ำห้วยโท-ห้วยยาง,2024-01-02,middle,6.946,89.63,5.307,68.48,0.08,,0.04,,0.04,,5.946
rsv94,อ่างเก็บน้ำห้วยหวด,2024-01-02,middle,19.54,93.05,10.309,49.09,0.219,,0.099,,0.199,,18.25
rsv95,อ่างเก็บน้ำห้วยโป่ง,2024-01-02,middle,1.477,90.61,1.145,70.25,0.0,,,,,,0.647
rsv96,อ่างเก็บน้ำห้วยกระเฌอ,2024-01-02,middle,8.758,97.42,4.124,45.87,0.0,,,,,,8.058
rsv97,อ่างเก็บน้ำห้วยโทง,2024-01-02,middle,5.844,76.89,5.525,72.7,0.0,,,,,,5.804
rsv98,อ่างเก็บน้ำห้วยทรายสว่าง,2024-01-02,middle,0.731,66.45,0.298,27.09,0.0,,,,0.007,,0.581
rsv100,อ่างเก็บน้ำห้วยก้านเหลือง,2024-01-02,middle,4.995,84.66,1.651,27.98,0.0,,,,,,4.475
rsv101,อ่างเก็บน้ำห้วยขี้หิน,2024-01-02,middle,3.73,93.25,3.175,79.38,0.0,,,,,,3.18
rsv103,อ่างเก็บน้ำห้วยคำ,2024-01-02,middle,4.86,74.77,3.06,47.08,0.0,,,,,,4.46
rsv104,อ่างเก็บน้ำห้วยซวง,2024-01-02,middle,3.642,60.7,3.727,62.12,0.0,,,,,,3.242
rsv105,อ่างเก็บน้ำห้วยรังแร้ง,2024-01-02,middle,1.763,80.14,1.38,62.73,0.0,,,,,,1.663
rsv106,อ่างเก็บน้ำห้วยหินแตก,2024-01-02,middle,0.969,64.6,0.539,35.93,0.0,,,,,,0.819
rsv107,อ่างเก็บน้ำห้วยน้ำบ่อ,2024-01-02,middle,2.085,94.77,1.627,73.95,0.0,,,,,,2.01
rsv108,อ่างเก็บน้ำห้วยแข้,2024-01-02,middle,3.536,93.05,1.957,51.5,0.0,,,,,,3.311
rsv109,อ่างเก็บน้ำห้วยนาอ่าง,2024-01-02,middle,1.412,77.58,0.988,54.29,0.0,,,,,,1.252
rsv110,อ่างเก็บน้ำห้วยซับคำโรงสี,2024-01-02,middle,1.628,81.4,1.408,70.4,0.0,,,,,,1.128
rsv111,อ่างเก็บน้ำบ้านดงมะไฟ,2024-01-02,middle,0.861,86.1,0.694,69.4,0.0,,,,,,0.761
rsv112,อ่างเก็บน้ำห้วยทราย,2024-01-02,middle,1.047,69.8,0.984,65.6,0.0,,,,,,1.044
rsv113,อ่างเก็บน้ำห้วยทรายขมิ้น,2024-01-02,middle,2.701,84.94,3.192,100.38,0.0,,,,,,2.461
rsv114,อ่างเก็บน้ำห้วยคำบากน้อย,2024-01-02,middle,3.609,90.22,1.308,32.7,0.083,,0.083,,0.1,,3.114
rsv117,อ่างเก็บน้ำห้วยหินชะแนนใหญ่,2024-01-02,middle,11.512,92.1,8.885,71.08,0.0,,,,,,11.342
rsv118,อ่างเก็บน้ำห้วยคำผักหนาม,2024-01-02,middle,2.268,77.94,1.598,54.91,0.0,,,,,,1.828
rsv128,อ่างเก็บน้ำโคกภูใหม่ 2,2024-01-02,middle,0.88,88.0,0.327,32.7,0.0,,,,,,0.76
rsv131,อ่างเก็บน้ำห้วยเคลิ้ม,2024-01-02,middle,1.277,85.13,0.515,34.33,0.0,,,,,,1.167
rsv132,อ่างเก็บน้ำห้วยเรือ,2024-01-02,middle,2.847,98.17,1.572,54.21,0.0,,,,,,2.697
rsv133,อ่างเก็บน้ำห้วยอ่าง,2024-01-02,middle,1.347,89.8,0.823,54.87,0.0,,,,,,1.227
rsv134,อ่างเก็บน้ำห้วยทรายตอนบน 1,2024-01-02,middle,2.067,98.43,1.579,75.19,0.0,,,,,,1.797
rsv135,อ่างเก็บน้ำห้วยทราย,2024-01-02,middle,2.214,96.77,2.15,93.97,0.003,,0.001,,0.001,,1.964
rsv136,อ่างเก็บน้ำห้วยสามพาด,2024-01-02,middle,13.3,71.89,13.25,71.62,0.005,,0.003,,0.001,,12.41
rsv137,อ่างเก็บน้ำบ้านจั่น,2024-01-02,middle,3.625,83.33,3.86,88.74,0.027,,0.01,,0.008,,3.625
rsv138,อ่างเก็บน้ำกุดลิงง้อ,2024-01-02,middle,5.975,92.78,4.888,75.9,0.034,,0.017,,,,5.75
rsv139,อ่างเก็บน้ำหนองสำโรง,2024-01-02,middle,10.873,95.38,10.047,88.13,0.034,,0.026,,0.012,,2.663
rsv140,อ่างเก็บน้ำหนองปะโค,2024-01-02,middle,2.728,88.66,1.896,61.62,0.012,,0.01,,0.002,,1.728
rsv465,อ่างเก็บน้ำลำพันชาด,2024-01-02,middle,43.091,80.54,43.58,81.46,0.0,,,,,,37.211
rsv466,อ่างเก็บน้ำลำพันชาดน้อย,2024-01-02,middle,1.9,100.0,1.84,96.84,0.002,,0.001,,,,1.76
rsv513,อ่างเก็บน้ำห้วยตะคลองใหญ่,2024-01-02,middle,8.28,98.57,8.325,99.11,0.148,,0.074,,,,7.98
rsv514,อ่างเก็บน้ำห้วยน้ำม้า,2024-01-02,middle,5.278,97.74,5.067,93.83,0.15,,0.075,,,,4.998
rsv149,อ่างเก็บน้ำห้วยเหล่ายาง,2024-01-02,middle,2.178,88.21,2.229,90.28,0.004,,0.004,,0.005,,2.058
rsv501,อ่างเก็บน้ำห้วยน้ำบอง,2024-01-02,middle,19.216,92.38,18.538,89.13,0.026,,,,0.055,,17.036
rsv150,อ่างเก็บน้ำห้วยส้มป่อย,2024-01-02,middle,7.479,97.82,8.001,104.64,0.0,,,,,,6.879
rsv151,อ่างเก็บน้ำลำช่อระกา,2024-01-02,middle,8.94,86.7,10.748,104.23,0.0,,,,,,7.907
rsv152,อ่างเก็บน้ำน้ำพรม,2024-01-02,middle,3.14,94.01,3.584,107.31,0.88,,0.43,,0.442,,3.06
rsv153,อ่างเก็บน้ำลำคันฉู,2024-01-02,middle,45.424,106.63,45.918,107.79,0.0,,,,0.059,,42.124
rsv154,อ่างเก็บน้ำบ้านเพชร,2024-01-02,middle,17.14,87.12,16.84,85.59,0.01,,0.01,,0.01,,14.14
rsv155,อ่างเก็บน้ำห้วยทราย,2024-01-02,middle,10.108,98.14,10.129,98.34,0.0,,,,,,8.608
rsv539,อ่างเก็บน้ำ โปร่งขุนเพชร,,middle,,,,,,,,,,,
rsv159,อ่างเก็บน้ำห้วยแกง,2024-01-02,middle,18.075,77.49,13.955,59.83,0.0,,,,0.004,,17.425
rsv160,อ่างเก็บน้ำห้วยสะทด,2024-01-02,middle,8.373,71.81,6.9,59.18,0.0,,,,,,7.873
rsv161,อ่างเก็บน้ำบึงอร่าม,2024-01-02,middle,3.11,86.39,2.798,77.72,0.0,,,,,,2.825
rsv162,อ่างเก็บน้ำหนองหญ้าม้า,2024-01-02,middle,2.056,80.38,2.231,87.22,0.0,,,,0.011,,1.756
rsv163,อ่างเก็บน้ำห้วยวังลิ้นฟ้า,2024-01-02,middle,3.11,92.84,2.95,88.06,0.0,,,,,,2.94
rsv164,อ่างเก็บน้ำห้วยสังเคียบ,2024-01-02,middle,5.4,72.0,4.68,62.4,0.0,,,,,,4.871
rsv165,อ่างเก็บน้ำลำพะยัง (ตอนบน),2024-01-02,middle,3.427,82.84,2.618,63.28,0.0,,,,,,3.277
rsv166,อ่างเก็บน้ำห้วยสีทน,2024-01-02,middle,2.31,65.07,0.482,13.58,0.27,,0.108,,0.016,,2.22
rsv167,อ่างเก็บน้ำห้วยโพธิ์,2024-01-02,middle,2.219,90.79,1.993,81.55,0.138,,0.062,,0.048,,1.989
rsv168,อ่างเก็บน้ำห้วยมะโน,2024-01-02,middle,4.198,72.19,3.432,59.02,0.0,,,,,,3.598
rsv169,อ่างเก็บน้ำห้วยผึ้ง,2024-01-02,middle,2.541,61.23,2.424,58.41,0.0,,,,,,2.301
rsv170,อ่างเก็บน้ำห้วยฝา,2024-01-02,middle,4.937,76.88,2.828,44.04,0.0,,,,,,4.237
rsv171,อ่างเก็บน้ำห้วยจุมจัง,2024-01-02,middle,5.156,69.86,4.315,58.46,0.0,,,,,,4.489
rsv540,อ่างเก็บน้ำ ห้วยสมอทบ,,middle,,,,,,,,,,,
rsv177,อ่างเก็บน้ำแก่งละว้า,2024-01-02,middle,41.56,90.77,36.952,80.71,0.124,,0.124,,0.01,,40.26
rsv178,อ่างเก็บน้ำห้วยยาง,2024-01-02,middle,2.802,92.81,2.597,86.02,0.0,,,,,,2.272
rsv179,อ่างเก็บน้ำหนองนาวัว,2024-01-02,middle,1.258,90.44,1.176,84.54,0.004,,0.004,,,,1.051
rsv180,อ่างเก็บน้ำห้วยทราย,2024-01-02,middle,2.18,92.57,2.096,89.0,0.006,,0.006,,,,1.95
rsv181,อ่างเก็บน้ำหนองกรองแก้ว,2024-01-02,middle,12.731,93.69,10.068,74.09,0.058,,,,,,8.421
rsv182,อ่างเก็บน้ำห้วยใหญ่,2024-01-02,middle,1.153,82.36,1.17,83.57,0.0,,,,,,0.783
rsv183,อ่างเก็บน้ำละเลิงหวาย,2024-01-02,middle,2.961,79.23,2.683,71.8,0.012,,,,0.005,,2.931
rsv184,อ่างเก็บน้ำห้วยเตย,2024-01-02,middle,4.613,86.43,4.73,88.63,0.0,,,,,,4.583
rsv185,อ่างเก็บน้ำห้วยลอมไผ่,2024-01-02,middle,5.248,93.71,4.68,83.57,0.0,,,,,,4.988
rsv188,อ่างเก็บน้ำโสกรวก,2024-01-02,middle,0.409,40.9,0.474,47.4,0.0,,,,,,0.232
rsv190,อ่างเก็บน้ำแก่งเลิงจาน,2024-01-02,middle,6.8,84.75,7.296,90.93,0.0,,,,0.03,,4.525
rsv191,อ่างเก็บน้ำห้วยขอนสัก,2024-01-02,middle,8.22,94.93,7.915,91.41,0.0,,,,0.031,,7.14
rsv192,อ่างเก็บน้ำหนองเทวราช,2024-01-02,middle,1.381,85.99,1.219,75.9,0.006,,0.003,,0.003,,1.103
rsv193,อ่างเก็บน้ำหนองบัว,2024-01-02,middle,3.02,84.36,2.768,77.32,0.016,,0.008,,0.008,,2.528
rsv194,อ่างเก็บน้ำร่องหัวช้าง,2024-01-02,middle,1.111,86.12,1.041,80.7,0.006,,0.003,,0.003,,0.352
rsv195,อ่างเก็บน้ำห้วยประดู่,2024-01-02,middle,2.657,94.76,2.095,74.71,0.0,,,,0.018,,2.617
rsv196,อ่างเก็บน้ำห้วยคะคาง,2024-01-02,middle,3.359,81.41,3.443,83.45,0.0,,,,0.021,,3.025
rsv197,อ่างเก็บน้ำหนองกระทุ่ม,2024-01-02,middle,2.137,81.07,2.279,86.46,0.016,,0.008,,0.008,,2.062
rsv198,อ่างเก็บน้ำหนองแกดำ,2024-01-02,middle,1.399,86.09,1.534,94.4,0.008,,0.004,,0.004,,1.279
rsv199,อ่างเก็บน้ำห้วยค้อ,2024-01-02,middle,23.995,76.57,25.475,81.29,0.0,,,,0.097,,20.802
rsv201,อ่างฯ อ่างเก็บน้ำหนองบ่อ,2024-01-02,middle,3.004,83.82,3.068,85.6,0.0,,,,0.006,,2.813
rsv202,อ่างเก็บน้ำห้วยเชียงคำ,2024-01-02,middle,4.027,79.49,4.295,84.78,0.006,,0.003,,0.023,,3.348
rsv203,อ่างเก็บน้ำห้วยจอกขวาง,2024-01-02,middle,2.656,87.37,2.912,95.79,0.0,,,,0.01,,2.517
rsv204,อ่างเก็บน้ำหนองไฮ,2024-01-02,middle,1.866,83.16,2.081,92.74,0.0,,,,0.015,,1.699
rsv207,อ่างเก็บน้ำห้วยแอ่ง,2024-01-02,middle,20.621,92.47,19.906,89.27,0.0,,,,0.254,,20.221
rsv208,อ่างเก็บน้ำหนองหญ้าม้า,2024-01-02,middle,1.605,75.81,1.657,78.27,0.0,,,,,,1.514
rsv209,อ่างเก็บน้ำธวัชชัย,2024-01-02,middle,3.096,61.83,3.735,74.6,0.0,,,,0.064,,2.986
rsv210,อ่างเก็บน้ำห้วยแล้ง,2024-01-02,middle,3.375,76.46,4.059,91.96,0.0,,,,0.045,,3.19
rsv211,อ่างเก็บน้ำห้วยวังนอง,2024-01-02,middle,10.14,88.24,8.085,70.35,0.0,,,,0.046,,9.826
rsv212,อ่างเก็บน้ำห้วยกุดแคน,2024-01-02,middle,1.619,81.11,1.659,83.12,0.0,,,,,,1.396
rsv213,อ่างเก็บน้ำห้วยกุดแดง,2024-01-02,middle,2.437,86.85,2.037,72.59,0.0,,,,,,2.169
rsv214,อ่างเก็บน้ำห้วยจานใต้,2024-01-02,middle,1.04,17.95,4.729,81.6,0.0,,,,,,0.48
rsv215,อ่างเก็บน้ำหนองผือ,2024-01-02,middle,3.568,85.4,3.253,77.86,0.0,,,,,,2.364
rsv217,อ่างเก็บน้ำห้วยพุงใหญ่,2024-01-02,middle,7.938,101.77,7.453,95.55,0.0,,,,0.035,,7.488
rsv218,อ่างเก็บน้ำห้วยหินชะแนน,2024-01-02,middle,1.593,66.38,1.305,54.37,0.0,,,,,,1.468
rsv219,อ่างเก็บน้ำห้วยผักดอก,2024-01-02,middle,2.679,95.68,1.6,57.14,0.0,,,,,,2.379
rsv220,อ่างเก็บน้ำห้วยก้านเหลือง,2024-01-02,middle,6.54,88.28,1.98,26.73,0.0,,,,,,5.82
rsv221,อ่างเก็บน้ำห้วยศรีคุณ,2024-01-02,middle,2.013,87.07,0.8,34.6,0.0,,,,,,1.99
rsv222,อ่างเก็บน้ำบ้านดงน้อย,2024-01-02,middle,4.43,85.19,2.0,38.46,0.0,,,,,,4.18
rsv223,อ่างเก็บน้ำห้วยแคน,2024-01-02,middle,8.12,73.72,7.5,68.1,0.0,,,,0.12,,7.57
rsv224,อ่างเก็บน้ำห้วยส้มโฮง,2024-01-02,middle,1.92,61.54,1.85,59.29,0.0,,,,0.02,,1.9
rsv225,อ่างเก็บน้ำบุ่งหมากโมง,2024-01-02,middle,1.855,84.7,1.35,61.64,0.0,,,,,,1.455
rsv226,อ่างเก็บน้ำห้วยนางออ,2024-01-02,middle,3.14,95.15,2.09,63.33,0.0,,,,,,2.69
rsv227,อ่างเก็บน้ำห้วยกกคูณ,2024-01-02,middle,1.868,93.4,0.975,48.75,0.0,,,,,,1.788
rsv228,อ่างเก็บน้ำห้วยกะเบา,2024-01-02,middle,4.826,94.63,4.025,78.92,0.0,,,,,,4.426
rsv229,อ่างเก็บน้ำห้วยวังม่วง,2024-01-02,middle,1.398,93.2,0.98,65.33,0.0,,,,,,1.368
rsv515,อ่างเก็บน้ำห้วยอ้วน,2024-01-02,middle,4.256,81.53,4.257,81.55,0.0,,,,0.064,,2.156
rsv235,อ่างเก็บน้ำห้วยขี้เหล็ก,2024-01-02,middle,24.797,92.7,18.599,69.53,0.0,,,,,,22.797
rsv236,อ่างเก็บน้ำห้วยชะโนด,2024-01-02,middle,14.748,80.15,14.66,79.67,0.0,,,,0.031,,14.098
rsv237,อ่างเก็บน้ำห้วยมุก,2024-01-02,middle,4.708,96.08,3.6,73.47,0.052,,0.026,,,,4.508
rsv238,อ่างเก็บน้ำห้วยหินลับ,2024-01-02,middle,4.159,103.97,3.205,80.13,0.104,,0.052,,0.069,,3.559
rsv239,อ่างเก็บน้ำห้วยไร่,2024-01-02,middle,2.704,96.57,2.176,77.71,0.022,,0.011,,0.021,,2.594
rsv240,อ่างเก็บน้ำห้วยไผ่,2024-01-02,middle,8.88,69.38,2.488,19.44,0.006,,0.003,,,,8.08
rsv241,อ่างเก็บน้ำห้วยพุ (ห้วยแข้),2024-01-02,middle,3.486,77.47,2.149,47.76,0.046,,0.023,,0.028,,2.786
rsv242,อ่างเก็บน้ำห้วยพุง,2024-01-02,middle,3.768,94.2,1.508,37.7,0.012,,0.006,,0.006,,2.918
rsv243,อ่างเก็บน้ำห้วยทา,2024-01-02,middle,2.212,99.19,1.644,73.72,0.004,,0.002,,,,1.682
rsv244,อ่างเก็บน้ำห้วยหอย,2024-01-02,middle,1.754,87.7,0.447,22.35,0.032,,0.016,,0.026,,1.454
rsv245,อ่างเก็บน้ำห้วยขี้เหล็ก (ตอนบน),2024-01-02,middle,1.04,86.67,0.888,74.0,0.0,,,,0.01,,0.89
rsv247,อ่างเก็บน้ำห้วยไร่ 2,2024-01-02,middle,2.413,90.04,1.933,72.13,0.02,,0.01,,0.04,,2.113
rsv455,อ่างเก็บน้ำห้วยแคน,2024-01-02,middle,1.46,69.52,1.64,78.1,0.008,,0.004,,,,1.37
rsv456,อ่างเก็บน้ำห้วยหมากไฟ,2024-01-02,middle,1.416,94.4,1.64,109.33,0.02,,0.01,,0.02,,1.116
rsv458,อ่างเก็บน้ำห้วยขาหน้า,2024-01-02,middle,1.537,90.41,1.531,90.06,0.004,,0.002,,,,1.167
rsv460,อ่างเก็บน้ำห้วยถ้ำไม้ดู่,2024-01-02,middle,1.616,95.06,0.684,40.24,0.0,,,,,,1.376
rsv468,อ่างเก็บน้ำห้วยหินลาด,2024-01-02,middle,1.348,99.85,1.2,88.89,0.0,,,,,,0.948
rsv504,อ่างเก็บน้ำห้วยคันแทใหญ่,2024-01-02,middle,4.211,91.15,4.093,88.59,0.004,,0.002,,,,4.211
rsv248,อ่างเก็บน้ำห้วยถ้ำแข้,2024-01-02,middle,11.72,85.55,7.936,57.93,0.017,,,,0.1,,10.87
rsv249,อ่างเก็บน้ำห้วยพลาญเสือ (ตอนล่าง),2024-01-02,middle,32.99,98.48,33.5,100.0,0.2,,,,0.19,,31.87
rsv250,อ่างเก็บน้ำห้วยจันลา,2024-01-02,middle,15.97,94.5,16.9,100.0,0.0,,,,0.087,,15.37
rsv251,อ่างเก็บน้ำห้วยวังใหญ่,2024-01-02,middle,7.84,98.0,8.0,100.0,0.0,,,,,,7.04
rsv252,อ่างเก็บน้ำห้วยเดือนห้า,2024-01-02,middle,11.97,99.75,11.97,99.75,0.006,,0.003,,,,10.124
rsv253,อ่างเก็บน้ำห้วยสะพงน้อย,2024-01-02,middle,14.52,98.78,11.87,80.75,0.003,,0.003,,,,12.92
rsv254,อ่างเก็บน้ำสระสมิง,2024-01-02,middle,0.617,61.03,0.9,89.02,0.018,,,,,,0.317
rsv255,อ่างเก็บน้ำหนองเหล่าหิน,2024-01-02,middle,2.152,86.77,2.292,92.42,0.0,,,,,,1.79
rsv256,อ่างเก็บน้ำหนองช้างใหญ่,2024-01-02,middle,5.436,70.83,5.733,74.7,0.198,,0.099,,0.025,,5.395
rsv258,อ่างเก็บน้ำห้วยโดน,2024-01-02,middle,3.89,82.77,4.42,94.04,0.008,,0.004,,,,3.34
rsv451,อ่างเก็บน้ำห้วยละมืด,2024-01-02,middle,6.68,99.7,6.7,100.0,0.002,,,,,,6.58
rsv452,อ่างเก็บน้ำห้วยหินกอง,2024-01-02,middle,6.93,86.63,7.7,96.25,0.673,,0.336,,0.376,,5.23
rsv524,อ่างเก็บน้ำห้วยพลาญเสือ (ตอนบน),2024-01-02,middle,,0.0,,0.0,0.0,,,,,,
rsv259,อ่างเก็บน้ำห้วยลิงโจน,2024-01-02,middle,18.81,89.36,15.86,75.34,0.0,,,,,,18.41
rsv260,อ่างเก็บน้ำห้วยสะแบก,2024-01-02,middle,26.6,87.79,23.98,79.14,0.0,,,,0.13,,26.0
rsv453,อ่างเก็บน้ำห้วยโพง (ตอนบน),2024-01-02,middle,10.82,87.26,10.03,80.89,0.0,,,,0.03,,9.82
rsv261,อ่างเก็บน้ำพุทธอุทธยาน,2024-01-02,middle,16.27,84.19,12.407,64.2,0.024,,,,,,15.379
rsv262,อ่างเก็บน้ำห้วยโพธิ์ (ตอนบน),2024-01-02,middle,6.497,87.35,5.894,79.24,0.007,,0.007,,,,5.953
rsv263,อ่างเก็บน้ำห้วยสีโท,2024-01-02,middle,8.8,83.02,10.21,96.32,0.015,,0.015,,,,8.4
rsv265,อ่างเก็บน้ำลำตะโคง,2024-01-02,middle,4.025,53.45,6.84,90.82,0.0,,,,0.004,,3.717
rsv266,อ่างเก็บน้ำห้วยยาง,2024-01-02,middle,7.76,56.23,15.859,114.92,0.009,,0.009,,0.007,,6.76
rsv267,อ่างเก็บน้ำห้วยตาเขียว,2024-01-02,middle,1.792,94.32,1.857,97.74,0.0,,,,,,1.502
rsv268,อ่างเก็บน้ำห้วยสวาย,2024-01-02,middle,6.218,45.86,6.258,46.15,0.0,,,,0.003,,5.248
rsv269,อ่างเก็บน้ำห้วยตลาด,2024-01-02,middle,26.281,85.19,24.357,78.95,0.156,,0.077,,0.042,,23.351
rsv270,อ่างเก็บน้ำห้วยจระเข้มาก,2024-01-02,middle,22.575,86.75,20.696,79.53,0.037,,,,,,20.965
rsv271,อ่างเก็บน้ำห้วยเมฆา,2024-01-02,middle,1.86,45.7,3.891,95.6,0.002,,,,0.005,,1.76
rsv272,อ่างเก็บน้ำคลองมะนาว,2024-01-02,middle,2.453,86.13,2.406,84.48,0.003,,0.003,,,,2.009
rsv273,อ่างเก็บน้ำหนองทะลอก,2024-01-02,middle,2.499,53.8,3.915,84.28,0.0,,,,0.005,,2.399
rsv274,อ่างเก็บน้ำห้วยขี้หนู,2024-01-02,middle,1.672,105.16,1.562,98.24,0.058,,0.029,,0.029,,1.642
rsv275,อ่างเก็บน้ำห้วยน้อย,2024-01-02,middle,0.763,63.58,1.081,90.08,0.001,,0.001,,0.001,,0.563
rsv276,อ่างเก็บน้ำห้วยใหญ่,2024-01-02,middle,0.358,27.54,1.098,84.46,0.002,,0.001,,0.001,,0.218
rsv277,อ่างเก็บน้ำลำปะเทีย,2024-01-02,middle,11.982,47.17,25.652,100.99,0.015,,0.015,,,,10.782
rsv278,อ่างเก็บน้ำลำจังหัน,2024-01-02,middle,19.36,53.78,35.64,99.0,0.005,,0.005,,,,17.56
rsv279,อ่างเก็บน้ำห้วยตะโก,2024-01-02,middle,3.038,93.48,3.066,94.34,0.004,,0.001,,,,2.638
rsv281,อ่างเก็บน้ำลำปลายมาศ,2024-01-02,middle,44.704,45.62,95.48,97.43,0.002,,0.001,,0.087,,35.404
rsv288,อ่างเก็บน้ำลำสำลาย,2024-01-02,middle,24.313,57.89,39.612,94.31,0.056,,0.028,,,,22.313
rsv296,อ่างเก็บน้ำห้วยเตย,2024-01-02,middle,1.785,40.61,4.362,99.23,0.093,,0.003,,,,1.645
rsv298,อ่างเก็บน้ำลำเชียงสา,2024-01-02,middle,7.526,100.35,7.55,100.67,0.202,,0.101,,0.098,,6.126
rsv489,อ่างเก็บน้ำสันกำแพง,2024-01-02,middle,6.4,100.0,6.22,97.19,0.014,,0.007,,,,5.64
rsv302,อ่างเก็บน้ำห้วยขนุน,2024-01-02,middle,9.766,97.44,9.852,98.29,0.012,,0.012,,,,9.139
rsv303,อ่างเก็บน้ำห้วยโอตาลัต,2024-01-02,middle,3.953,104.03,3.962,104.26,0.004,,0.004,,,,3.503
rsv304,อ่างเก็บน้ำห้วยด่านไอ,2024-01-02,middle,7.973,99.33,7.937,98.88,0.008,,0.008,,,,7.274
rsv305,อ่างเก็บน้ำห้วยตาจู,2024-01-02,middle,22.233,99.79,22.639,101.61,0.037,,0.037,,0.022,,20.433
rsv306,อ่างเก็บน้ำห้วยสำราญ,2024-01-02,middle,12.319,99.75,12.764,103.35,0.013,,0.013,,,,11.019
rsv307,อ่างเก็บน้ำห้วยศาลา,2024-01-02,middle,39.088,105.44,38.308,103.34,0.076,,0.038,,,,36.288
rsv308,อ่างเก็บน้ำห้วยติ๊กชู,2024-01-02,middle,25.96,99.08,26.56,101.37,0.022,,0.022,,,,23.14
rsv309,อ่างเก็บน้ำห้วยน้ำคำ,2024-01-02,middle,2.351,95.96,2.387,97.43,0.003,,,,,,2.241
rsv310,อ่างเก็บน้ำห้วยคล้า,2024-01-02,middle,2.917,77.11,3.155,83.4,0.005,,0.005,,,,2.803
rsv311,อ่างเก็บน้ำห้วยน้ำเค็ม,2024-01-02,middle,0.077,7.2,1.058,98.88,0.0,,,,,,
rsv312,อ่างเก็บน้ำห้วยซัน,2024-01-02,middle,2.313,85.35,2.399,88.52,0.004,,0.004,,,,1.643
rsv313,อ่างเก็บน้ำห้วยตามาย,2024-01-02,middle,33.044,88.61,34.882,93.54,0.0,,,,0.223,,32.394
rsv314,อ่างเก็บน้ำหนองสิ,2024-01-02,middle,3.605,86.66,4.312,103.65,0.028,,0.028,,0.088,,1.305
rsv316,อ่างเก็บน้ำห้วยทา,2024-01-02,middle,27.687,93.59,29.958,101.27,0.145,,0.083,,0.151,,24.387
rsv317,อ่างเก็บน้ำห้วยตะแบง,2024-01-02,middle,6.613,96.19,6.93,100.8,0.081,,,,0.075,,6.313
rsv318,อ่างเก็บน้ำห้วยแก้ว,2024-01-02,middle,4.038,82.09,4.016,81.64,0.0,,,,0.004,,3.598
rsv319,อ่างเก็บน้ำห้วยเชิง,2024-01-02,middle,6.821,85.26,7.84,98.0,0.0,,,,0.026,,6.381
rsv320,อ่างเก็บน้ำห้วยขนาดมอญ,2024-01-02,middle,14.94,96.39,15.36,99.1,0.008,,,,0.029,,14.29
rsv321,อ่างเก็บน้ำอำปึล,2024-01-02,middle,28.215,101.94,27.339,98.78,0.0,,,,0.007,,26.785
rsv322,อ่างเก็บน้ำห้วยเสนง,2024-01-02,middle,22.423,102.11,17.353,79.02,0.0,,,,0.04,,21.603
rsv323,อ่างเก็บน้ำลำพอก,2024-01-02,middle,12.55,86.08,13.563,93.02,0.005,,,,0.005,,11.9
rsv324,อ่างเก็บน้ำห้วยด่าน,2024-01-02,middle,6.848,72.85,9.047,96.24,0.0,,,,0.037,,5.708
rsv325,อ่างเก็บน้ำบ้านทำนบ,2024-01-02,middle,9.16,76.33,12.0,100.0,0.002,,,,0.002,,8.76
rsv326,อ่างเก็บน้ำบ้านจรัส,2024-01-02,middle,12.451,83.01,14.972,99.81,0.009,,,,,,11.951
rsv328,อ่างเก็บน้ำห้วยตาเกาว์,2024-01-02,middle,8.141,94.66,8.367,97.29,0.001,,,,0.001,,8.082
rsv329,อ่างเก็บน้ำสุวรรณภา,2024-01-02,middle,1.344,85.61,1.308,83.31,0.0,,,,0.002,,1.324
rsv330,อ่างเก็บน้ำห้วยกะเลงเวก,2024-01-02,middle,3.315,97.5,3.4,100.0,0.0,,,,0.004,,2.915
rsv331,อ่างเก็บน้ำห้วยระหาร,2024-01-02,middle,0.849,83.89,0.713,70.45,0.0,,,,,,0.819
rsv290,อ่างเก็บน้ำห้วยบ้านยาง,2024-01-02,middle,4.314,66.18,5.32,81.61,0.007,,0.007,,,,3.794
rsv286,อ่างเก็บน้ำห้วยยาง,2024-01-02,middle,5.232,94.61,5.44,98.37,0.016,,0.008,,,,4.932
rsv299,อ่างเก็บน้ำห้วยบะอีแตน,2024-01-02,middle,1.705,94.72,1.07,59.44,0.006,,0.003,,,,1.403
rsv289,อ่างเก็บน้ำห้วยซับประดู่,2024-01-02,middle,10.523,38.04,25.788,93.22,0.028,,0.014,,,,9.122
rsv530,อ่างเก็บน้ำทับรั้ง,,middle,,,,,,,,,,,
rsv295,อ่างเก็บน้ำห้วยปราสาทใหญ่,2024-01-02,middle,2.595,29.83,6.765,77.76,0.0,,,,,,1.745
rsv300,อ่างเก็บน้ำลำเชียงไกรตอนบน,2024-01-02,middle,7.47,88.93,8.013,95.39,0.032,,0.016,,,,6.52
rsv292,อ่างเก็บน้ำลำเชียงไกรตอนล่าง,2024-01-02,middle,22.248,80.32,28.573,103.15,0.037,,0.037,,,,21.098
rsv293,อ่างเก็บน้ำหนองกก,2024-01-02,middle,1.065,35.89,2.169,73.1,0.009,,,,,,0.885
rsv297,อ่างเก็บน้ำห้วยตะคร้อ,2024-01-02,middle,9.94,104.63,7.817,82.28,0.0,,,,,,9.31
rsv294,อ่างเก็บน้ำห้วยยางพะไล,2024-01-02,middle,12.412,93.32,12.69,95.41,0.015,,0.015,,,,11.862
rsv285,อ่างเก็บน้ำบึงกระโตน,2024-01-02,middle,5.474,53.61,10.06,98.53,0.024,,0.012,,0.034,,4.242
rsv287,อ่างเก็บน้ำห้วยบง,2024-01-02,middle,7.106,49.01,12.632,87.12,0.006,,,,,,6.346
rsv284,อ่างเก็บน้ำห้วยสะกาด,2024-01-02,middle,1.892,52.88,3.429,95.84,0.004,,,,,,1.772
rsv283,อ่างเก็บน้ำลำฉมวก,2024-01-02,middle,19.107,81.48,17.789,75.86,0.027,,0.027,,,,17.847
rsv291,อ่างเก็บน้ำห้วยทับครัว,2024-01-02,middle,3.904,78.08,4.759,95.18,0.004,,0.002,,,,3.134
rsv280,อ่างเก็บน้ำห้วยเพลียก,2024-01-02,middle,1.43,95.33,1.478,98.53,0.002,,0.001,,,,1.128
rsv282,อ่างเก็บน้ำห้วยหิน,2024-01-02,middle,0.694,35.59,1.95,100.0,0.002,,0.001,,,,0.644
rsv336,อ่างเก็บน้ำคลองระบม,2024-01-02,middle,20.833,37.54,43.199,77.84,0.0,,,,0.212,,13.033
rsv337,อ่างเก็บน้ำลาดกระทิง,2024-01-02,middle,1.075,25.6,3.46,82.38,0.0,,,,,,0.875
rsv338,อ่างเก็บน้ำลุ่มน้ำโจน 16,2024-01-02,middle,1.25,63.45,1.24,62.94,0.0,,,,,,1.08
rsv339,อ่างเก็บน้ำลุ่มน้ำโจน 2,2024-01-02,middle,1.224,62.45,1.46,74.49,0.0,,,,0.006,,0.924
rsv340,อ่างเก็บน้ำคลองบอน,2024-01-02,middle,0.464,18.56,0.03,1.2,0.001,,,,0.005,,0.164
rsv341,อ่างเก็บน้ำคลองศาลทราย,2024-01-02,middle,10.648,106.48,11.07,110.7,0.0,,,,0.024,,9.648
rsv342,อ่างเก็บน้ำคลองพระพุทธ,2024-01-02,middle,74.049,105.02,75.898,107.64,0.0,,,,0.239,,73.059
rsv516,อ่างเก็บน้ำคลองประแกด,2024-01-02,middle,61.927,102.77,68.21,113.19,0.139,,0.069,,0.326,,59.027
rsv343,อ่างเก็บน้ำหนองกลางดง,2024-01-02,middle,4.632,60.55,7.48,97.78,0.006,,0.003,,,,4.332
rsv344,อ่างเก็บน้ำชากนอก,2024-01-02,middle,2.043,29.06,6.576,93.54,0.07,,0.035,,,,1.643
rsv345,อ่างเก็บน้ำมาบประชัน,2024-01-02,middle,11.283,67.97,15.844,95.45,0.0,,,,,,10.523
rsv346,อ่างเก็บน้ำหนองค้อ,2024-01-02,middle,8.41,39.3,20.45,95.56,0.0,,,,,,7.41
rsv347,อ่างเก็บน้ำห้วยขุนจิต,2024-01-02,middle,2.594,54.04,4.561,95.02,0.0,,,,,,2.344
rsv348,อ่างเก็บน้ำมาบฟักทอง 1,2024-01-02,middle,0.674,54.8,1.2,97.56,0.002,,0.001,,0.001,,0.474
rsv349,อ่างเก็บน้ำห้วยสะพาน,2024-01-02,middle,2.889,75.23,3.355,87.37,0.0,,,,,,2.589
rsv350,อ่างเก็บน้ำมาบฟักทอง 2,2024-01-02,middle,1.238,61.9,1.929,96.45,0.004,,0.002,,,,1.048
rsv351,อ่างเก็บน้ำบ้านบึง,2024-01-02,middle,6.661,60.67,10.367,94.43,0.0,,,,,,3.841
rsv352,อ่างเก็บน้ำห้วยตู้ 1,2024-01-02,middle,1.195,79.67,1.419,94.6,0.0,,,,,,1.105
rsv353,อ่างเก็บน้ำห้วยตู้ 2,2024-01-02,middle,1.633,56.31,2.862,98.69,0.006,,0.003,,,,1.433
rsv491,อ่างเก็บน้ำคลองหลวง รัชชโลทร,2024-01-02,middle,64.247,65.56,93.03,94.93,0.0,,,,0.094,,61.297
rsv354,อ่างเก็บน้ำเขาอีโต้ 1,2024-01-02,middle,1.977,68.17,2.222,76.62,0.222,,0.111,,0.113,,1.477
rsv355,อ่างเก็บน้ำทับลาน,2024-01-02,middle,2.554,93.72,2.617,96.04,0.0,,,,0.009,,2.054
rsv499,อ่างเก็บน้ำคลองไม้ปล้อง,2024-01-02,middle,9.144,80.67,5.848,51.59,0.0,,,,0.027,,9.034
rsv357,อ่างเก็บน้ำดอกกราย,2024-01-02,middle,55.308,77.46,74.986,105.02,0.124,,0.062,,,,52.308
rsv358,อ่างเก็บน้ำคลองระโอก,2024-01-02,middle,17.887,91.03,17.715,90.15,0.0,,,,,,17.397
rsv359,อ่างเก็บน้ำคลองใหญ่,2024-01-02,middle,28.648,71.44,40.943,102.1,0.46,,0.23,,,,25.648
rsv360,อ่างเก็บน้ำเขาระกำ,2024-01-02,middle,45.825,96.09,42.569,89.26,0.0,,,,0.22,,43.515
rsv361,อ่างเก็บน้ำบ้านมะนาว,2024-01-02,middle,2.464,104.85,2.452,104.34,0.001,,,,0.005,,2.394
rsv362,อ่างเก็บน้ำด่านชุมพล,2024-01-02,middle,6.526,116.54,6.471,115.55,0.0,,,,0.033,,6.226
rsv363,อ่างเก็บน้ำห้วยแร้ง,2024-01-02,middle,32.737,88.96,34.981,95.06,0.0,,,,0.095,,30.237
rsv364,อ่างเก็บน้ำวังปลาหมอ,2024-01-02,middle,7.062,106.48,7.588,114.41,0.0,,,,0.03,,6.462
rsv497,อ่างเก็บน้ำคลองสะพานหิน,2024-01-02,middle,19.126,95.63,16.435,82.17,0.0,,,,0.032,,18.626
rsv498,อ่างเก็บน้ำคลองโสน,2024-01-02,middle,60.721,93.42,64.144,98.68,0.0,,,,0.354,,58.241
rsv365,อ่างเก็บน้ำพระปรง,2024-01-02,middle,57.8,59.59,89.92,92.7,0.0,,,,0.001,,53.8
rsv366,อ่างเก็บน้ำห้วยชัน,2024-01-02,middle,3.72,93.0,3.874,96.85,0.005,,,,,,2.86
rsv367,อ่างเก็บน้ำท่ากะบาก,2024-01-02,middle,7.048,96.55,6.976,95.56,0.019,,0.019,,0.014,,6.248
rsv368,อ่างเก็บน้ำคลองสามสิบ,2024-01-02,middle,5.451,94.39,4.975,86.15,0.0,,,,0.007,,4.651
rsv369,อ่างเก็บน้ำเขารัง,2024-01-02,middle,1.448,38.92,2.88,77.42,0.006,,0.003,,,,1.328
rsv370,อ่างเก็บน้ำคลองเกลือ,2024-01-02,middle,4.235,77.0,5.406,98.29,0.008,,0.004,,,,3.435
rsv371,อ่างเก็บน้ำช่องกล่ำล่าง,2024-01-02,middle,2.146,97.55,2.044,92.91,0.003,,0.003,,0.001,,1.946
rsv372,อ่างเก็บน้ำห้วยเขาดิน,2024-01-02,middle,0.213,15.21,1.128,80.57,0.002,,0.001,,,,0.113
rsv373,อ่างเก็บน้ำห้วยยาง,2024-01-02,middle,19.05,31.75,37.1,61.83,0.0,,,,,,15.05
rsv374,อ่างเก็บน้ำห้วยตะเคียน,2024-01-02,middle,3.904,39.04,8.891,88.91,0.006,,,,,,3.704
rsv375,อ่างเก็บน้ำคลองส้มป่อย,2024-01-02,middle,0.37,20.56,1.388,77.11,0.002,,0.001,,,,0.27
rsv379,อ่างเก็บน้ำคลองตาด้วง,2024-01-02,middle,0.434,24.11,1.577,87.61,0.001,,0.001,,,,0.334
rsv496,อ่างเก็บน้ำคลองพระสะทึง,2024-01-02,middle,60.357,92.86,60.588,93.21,0.0,,,,0.13,,56.357
rsv380,อ่างเก็บน้ำห้วยปรือ,2024-01-02,middle,8.08,91.09,6.934,78.17,0.0,,,,0.02,,7.96
rsv381,อ่างเก็บน้ำคลองสีเสียด,2024-01-02,middle,1.134,99.47,1.106,97.02,0.0,,,,,,1.064
rsv382,อ่างเก็บน้ำคลองโบด,2024-01-02,middle,1.006,23.67,2.796,65.79,0.018,,0.009,,0.011,,0.996
rsv383,อ่างเก็บน้ำทรายทอง,2024-01-02,middle,1.959,97.95,1.934,96.7,0.014,,0.007,,0.011,,1.839
rsv384,อ่างเก็บน้ำคลองวังบอน,2024-01-02,middle,5.705,75.07,5.601,73.7,0.0,,,,0.028,,5.425
rsv386,อ่างเก็บน้ำคลองกลาง,2024-01-02,middle,2.854,92.06,2.756,88.9,0.0,,,,0.007,,2.754
rsv67,อ่างเก็บน้ำคลองเฉลียงลับ,2024-01-02,middle,6.609,84.19,6.494,82.73,0.01,,0.01,,0.1,,6.009
rsv68,อ่างเก็บน้ำห้วยขอนแก่น,2024-01-02,middle,30.0,90.31,32.94,99.16,0.06,,,,0.08,,26.78
rsv69,อ่างเก็บน้ำห้วยป่าแดง,2024-01-02,middle,16.591,88.53,15.802,84.32,0.02,,0.02,,0.04,,16.491
rsv70,อ่างเก็บน้ำห้วยป่าเลา,2024-01-02,middle,6.071,72.27,7.43,88.45,0.0,,,,,,5.887
rsv472,อ่างเก็บน้ำน้ำก้อ,2024-01-02,middle,18.117,88.03,16.25,78.96,0.01,,0.01,,0.05,,17.307
rsv473,อ่างเก็บน้ำห้วยใหญ่,2024-01-02,middle,11.15,84.15,11.05,83.4,0.04,,0.02,,0.02,,10.15
rsv474,อ่างเก็บน้ำห้วยนา,2024-01-02,middle,4.484,79.36,5.117,90.57,0.01,,,,0.11,,3.884
rsv475,อ่างเก็บน้ำคลองลำกง,2024-01-02,middle,42.182,86.94,42.614,87.83,0.0,,,,0.15,,37.382
rsv476,อ่างเก็บน้ำห้วยน้ำชุนใหญ่,2024-01-02,middle,5.547,73.76,6.11,81.25,0.02,,0.01,,0.02,,4.907
rsv477,อ่างเก็บน้ำห้วยเล็ง,2024-01-02,middle,14.084,81.88,12.225,71.08,0.0,,,,0.07,,10.784
rsv506,อ่างเก็บน้ำห้วยท่าพล,2024-01-02,middle,6.449,50.3,12.604,98.32,0.05,,0.04,,0.05,,5.599
rsv390,อ่างเก็บน้ำซับตะเคียน,2024-01-02,middle,2.11,25.06,6.83,81.12,0.0,,,,,,1.76
rsv391,อ่างเก็บน้ำห้วยโป่ง,2024-01-02,middle,0.75,36.23,1.54,74.4,0.0,,,,,,0.7
rsv392,อ่างเก็บน้ำกุดตาเพชร,2024-01-02,middle,41.75,97.09,40.99,95.33,0.0,,,,,,39.75
rsv393,อ่างเก็บน้ำห้วยใหญ่ (วังแขม),2024-01-02,middle,8.83,73.58,10.25,85.42,0.0,,,,0.07,,7.33
rsv396,อ่างเก็บน้ำห้วยหิน,2024-01-02,middle,1.53,68.0,2.07,92.0,0.0,,,,,,1.33
rsv525,อ่างเก็บน้ำห้วยแฟน,2024-01-02,middle,,0.0,,0.0,0.0,,,,,,
rsv526,อ่างเก็บน้ำห้วยใหญ่,2024-01-02,middle,2.2,28.95,5.88,77.37,0.0,,,,,,2.15
rsv397,อ่างเก็บน้ำบ้านดง,2024-01-02,middle,3.016,94.84,2.746,86.35,0.0,,,,,,2.766
rsv398,อ่างเก็บน้ำคลองเพรียว,2024-01-02,middle,6.15,85.42,6.22,86.39,0.05,,,,,,6.053
rsv399,อ่างเก็บน้ำห้วยหินขาว,2024-01-02,middle,0.858,78.0,0.781,71.0,0.0,,,,0.01,,0.758
rsv470,อ่างเก็บน้ำมวกเหล็ก,2024-01-02,middle,43.76,71.74,60.254,98.78,0.09,,0.06,,0.04,,42.66
rsv389,อ่างเก็บน้ำห้วยขุนแก้ว,2024-01-02,middle,18.06,34.73,38.91,74.83,0.0,,,,1.18,,15.89
rsv529,อ่างเก็บน้ำวังร่มเกล้า,2024-01-02,middle,0.26,5.6,1.34,28.88,0.0,,,,,,
rsv401,อ่างเก็บน้ำห้วยท่าเดื่อ,2024-01-02,middle,1.11,39.64,2.672,95.43,0.0,,,,,,0.91
rsv484,อ่างเก็บน้ำห้วยยาง,2024-01-02,middle,1.388,86.75,1.596,99.75,0.0,,,,,,1.238
rsv527,อ่างเก็บน้ำห้วยหนองโรง,2024-01-02,middle,6.927,49.48,14.035,100.25,0.0,,,,,,6.077
rsv402,อ่างเก็บน้ำลำตะเพิน,2024-01-02,middle,47.359,94.72,57.221,114.44,0.0,,,,,,42.559
rsv403,อ่างเก็บน้ำห้วยเทียน,2024-01-02,middle,5.562,52.23,7.914,74.31,0.0,,,,,,4.162
rsv404,อ่างเก็บน้ำห้วยพุตะเคียน,2024-01-02,middle,2.295,57.38,3.472,86.8,0.0,,,,,,2.055
rsv517,อ่างเก็บน้ำห้วยกระพร้อย,2024-01-02,middle,6.968,30.07,22.945,99.03,0.0,,,,,,5.826
rsv405,อ่างเก็บน้ำชัฎป่าหวาย,2024-01-02,middle,1.94,77.6,2.355,94.2,0.0,,,,,,1.69
rsv406,อ่างเก็บน้ำห้วยสำนักไม้เต็ง,2024-01-02,middle,21.365,46.98,40.833,89.78,0.0,,,,0.05,,19.365
rsv407,อ่างเก็บน้ำห้วยมะหาด,2024-01-02,middle,3.838,89.26,3.86,89.77,0.0,,,,0.011,,3.618
rsv408,อ่างเก็บน้ำห้วยท่าเคย,2024-01-02,middle,16.364,69.93,20.744,88.65,0.0,,,,0.048,,15.364
rsv410,อ่างเก็บน้ำห้วยสามเขา,2024-01-02,middle,1.336,39.29,3.338,98.18,0.0,,,,,,1.216
rsv411,อ่างเก็บน้ำห้วยสงสัย,2024-01-02,middle,1.657,40.87,3.995,98.54,0.0,,,,,,1.257
rsv412,อ่างเก็บน้ำห้วยทราย,2024-01-02,middle,0.562,28.82,1.932,99.08,0.0,,,,0.001,,0.522
rsv413,อ่างเก็บน้ำทุ่งขาม,2024-01-02,middle,1.88,23.5,7.45,93.13,0.0,,,,,,1.27
rsv414,อ่างเก็บน้ำห้วยตะแปด,2024-01-02,middle,1.413,35.33,3.738,93.45,0.0,,,,0.01,,1.283
rsv420,อ่างเก็บน้ำบ้านกระหร่างสาม,2024-01-02,middle,1.132,18.87,2.402,40.03,0.0,,,,,,0.912
rsv421,อ่างเก็บน้ำแม่ประจันต์,2024-01-02,middle,28.516,67.57,31.659,75.02,0.0,,,,,,26.476
rsv467,อ่างเก็บน้ำห้วยผาก,2024-01-02,middle,6.908,25.12,22.876,83.19,0.0,,,,,,3.908
rsv423,อ่างเก็บน้ำคลองช่องลม,2024-01-02,middle,1.017,18.49,3.997,72.67,0.0,,,,0.01,,0.717
rsv424,อ่างเก็บน้ำคลองจะกระ,2024-01-02,middle,2.686,25.83,9.83,94.52,0.0,,,,0.01,,2.186
rsv425,อ่างเก็บน้ำยางชุม,2024-01-02,middle,15.046,36.61,36.239,88.17,0.01,,,,0.097,,11.046
rsv426,อ่างเก็บน้ำคลองบึง,2024-01-02,middle,7.471,33.65,21.436,96.56,0.012,,0.006,,0.021,,6.671
rsv427,อ่างเก็บน้ำห้วยอ่างหิน,2024-01-02,middle,1.19,42.5,2.324,83.0,0.0,,,,,,1.04
rsv428,อ่างเก็บน้ำห้วยไทรงาม,2024-01-02,middle,2.131,22.43,5.977,62.92,0.0,,,,,,1.231
rsv429,อ่างเก็บน้ำห้วยวังเต็น,2024-01-02,middle,5.402,47.39,7.615,66.8,0.0,,,,,,4.732
rsv488,อ่างเก็บน้ำห้วยมงคล,2024-01-02,middle,1.105,18.89,3.901,66.68,0.0,,,,,,0.865
rsv500,อ่างเก็บน้ำหาดส้มแป้น,2024-01-02,middle,9.927,99.27,8.638,86.38,0.025,,0.012,,0.018,,8.127
rsv430,อ่างเก็บน้ำบางกำปรัด,2024-01-02,middle,14.188,88.67,14.625,91.41,0.044,,0.044,,0.044,,12.688
rsv431,อ่างเก็บน้ำห้วยลึก,2024-01-02,middle,2.33,95.1,2.222,90.69,0.001,,,,0.001,,2.27
rsv432,อ่างเก็บน้ำห้วยน้ำเขียว,2024-01-02,middle,5.394,73.89,3.207,43.93,0.0,,,,0.003,,5.238
rsv433,อ่างเก็บน้ำคลองหยา,2024-01-02,middle,3.13,97.81,2.954,92.31,0.008,,0.007,,0.017,,3.09
rsv471,อ่างเก็บน้ำคลองแห้ง,2024-01-02,middle,12.534,100.27,11.947,95.58,0.082,,0.041,,0.053,,11.534
rsv542,อ่างเก็บน้ำ ห้วยทรายขาว,2024-01-02,middle,4.672,93.44,,,0.0,,,,,,4.572
rsv434,อ่างเก็บน้ำห้วยน้ำใส,2024-01-02,middle,78.647,98.31,75.134,93.92,1.335,,0.457,,0.577,,76.647
rsv435,อ่างเก็บน้ำคลองกะทูน,2024-01-02,middle,69.95,99.22,51.86,73.56,1.03,,0.515,,0.605,,55.65
rsv436,อ่างเก็บน้ำบ้านเสม็ดจวน,2024-01-02,middle,1.61,94.71,1.04,61.18,0.0,,,,,,1.56
rsv437,อ่างเก็บน้ำคลองดินแดง,2024-01-02,middle,59.35,98.92,41.52,69.2,0.466,,0.233,,0.363,,46.35
rsv543,อ่างเก็บน้ำ คลองสังข์,,middle,,,,,,,,,,,
rsv438,อ่างเก็บน้ำบางวาด,2024-01-02,middle,8.75,85.78,9.91,97.16,0.0,,,,0.04,,8.48
rsv439,อ่างเก็บน้ำบางเหนียวดำ,2024-01-02,middle,6.4,82.16,7.16,91.91,0.031,,0.004,,0.027,,6.372
rsv510,อ่างเก็บน้ำคลองกะทะ,2024-01-02,middle,2.89,69.81,3.52,85.02,0.015,,0.01,,0.015,,2.727
rsv446,อ่างเก็บน้ำบางทรายนวล,2024-01-02,middle,1.918,87.18,2.018,91.73,0.0,,,,,,1.818
rsv447,อ่างเก็บน้ำคลองสวนหนัง,2024-01-02,middle,1.088,84.34,1.108,85.89,0.0,,,,,,1.068
rsv440,อ่างเก็บน้ำคลองท่างิ้ว,2024-01-02,middle,16.84,91.03,18.61,100.59,0.436,,0.238,,0.118,,16.44
rsv492,อ่างเก็บน้ำบ้านพรุเตย,2024-01-02,middle,0.914,81.46,0.83,73.98,0.068,,0.034,,0.041,,0.434
rsv528,อ่างเก็บน้ำคลองทรายขาว,2024-01-02,middle,4.748,86.33,3.3,60.0,0.294,,0.129,,0.117,,4.748
rsv441,อ่างเก็บน้ำคลองป่าบอน,2024-01-02,middle,17.497,87.48,19.34,96.7,0.695,,0.322,,0.451,,16.597
rsv442,อ่างเก็บน้ำป่าพะยอม,2024-01-02,middle,20.091,98.0,18.287,89.2,0.35,,0.093,,0.045,,19.291
rsv482,อ่างเก็บน้ำคลองหัวช้าง,2024-01-02,middle,29.5,98.33,29.53,98.43,0.569,,0.217,,0.517,,28.95
rsv443,อ่างเก็บน้ำคลองจำไหร,2024-01-02,middle,5.74,95.67,5.16,86.0,0.011,,,,0.02,,5.64
rsv444,อ่างเก็บน้ำคลองหลา,2024-01-02,middle,21.24,99.16,19.26,89.92,0.03,,0.015,,0.15,,20.935
rsv445,อ่างเก็บน้ำคลองสะเดา,2024-01-02,middle,52.505,92.53,51.602,90.94,0.071,,0.071,,0.14,,50.949
rsv448,อ่างเก็บน้ำใกล้บ้าน,2024-01-02,middle,3.08,82.57,3.12,83.65,0.058,,0.014,,,,3.03
rsv509,อ่างเก็บน้ำบ้านไบก์ (บ้านไบ้),2024-01-02,middle,1.201,100.08,1.152,96.0,0.042,,0.022,,0.022,,1.171
